13.00 10.00 17.75 17.00 15.50 19.90 "khadija"
13.00 10.00 13.38 10.25 15.00 17.36 "rachid akkaoi"
11.50 10.00 15.13 14.75 11.50 19.27 "rachid"
10.00 10.00 10.00 11.50 10.00 11.81 "ali"
10.00 10.00 17.00 16.00 12.00 18.36 "khalid"
10.00 11.00 17.38 16.75 12.50 18.10 "attrach"
16.00 13.00 18.00 17.00 13.00 19.00 "radone"
12.50 13.00 17.88 16.50 14.00 19.54 "khawla"
11.50 10.00 16.25 11.57 16.50 19.81 "intissar"
10.00 10.00 10.88 14.00 15.50 18.00 "monsif"
12.00 11.00 19.25 16.50 14.50 19.90 "khawla2"
15.00 10.00 13.50 13.00 12.00 19.27 "mina"
11.50 10.00 15.38 17.00 11.00 19.62 "hasnae"
16.00 10.00 12.25 12.75 12.50 15.72 "ayoub"
11.00 10.00 18.50 15.00 15.50 19.63 "farah"
13.00 13.00 16.75 15.50 10.00 18.00 "abdmjid"
10.00 12.00 16.75 12.00 15.50 19.72 "hajar"
10.00 10.00 12.25 10.00 10.00 16.90 "hannae"
14.00 10.00 12.25 15.50 15.00 18.78 "fatima"
14.50 12.00 16.88 14.50 13.50 19.72 "youssef"
14.50 10.00 15.00 15.75 12.50 19.36 "hind"
10.00 10.00 12.38 12.25 13.50 14.00 "atman"
10.00 13.00 15.63 10.00 12.00 19.63 "maysa"
10.00 10.00 17.25 11.75 14.50 19.36 "zagir"
