20.00 14.50 16.00 16.00 13.50 14.00 "khadija"
18.00 11.00 15.00 17.00 14.50 16.00 "rachid akkaoi"
15.00 12.00 14.00 17.00 14.50 13.00 "rachid"
15.00 12.00 12.00 16.00 15.00 13.00 "ali"
15.00 12.50 17.50 15.00 10.00 11.00 "khalid"
14.00 10.00 15.50 17.50 13.50 10.00 "attrach"
15.00 11.50 15.00 15.00 14.00 10.00 "radone"
17.00 12.00 15.50 18.00 14.00 12.00 "khawla"
18.00 15.50 13.00 17.00 10.00 14.00 "intissar"
17.00 12.00 16.00 15.00 10.00 11.00 "monsif"
17.00 11.75 13.50 17.00 11.00 13.00 "khawla2"
15.00 11.00 17.50 15.50 14.00 10.00 "mina"
18.00 15.00 15.00 17.00 13.00 15.00 "hasnae"
14.00 13.00 17.00 15.50 16.00 10.00 "ayoub"
18.00 13.00 15.00 17.00 10.00 11.00 "farah"
18.00 14.00 17.50 17.50 17.00 11.00 "abdmjid"
16.00 10.00 16.50 17.00 11.00 11.00 "hajar"
10.00 11.00 13.00 16.00 10.00 11.00 "hannae"
16.00 12.50 17.50 17.00 14.00 14.00 "fatima"
13.00 10.50 14.00 16.00 12.00 11.00 "youssef"
16.00 11.50 15.50 18.00 14.50 12.00 "hind"
11.00 11.00 14.00 16.00 10.00 12.00 "atman"
16.00 12.75 13.50 17.00 10.00 10.00 "maysa"
16.00 13.50 12.00 17.50 10.00 14.00 "zagir"

